[gd_scene load_steps=41 format=3 uid="uid://d4md3fgm2riqm"]

[ext_resource type="Script" path="res://Scripts/GameControl.cs" id="1_folew"]
[ext_resource type="PackedScene" uid="uid://dd08tg3h21d2q" path="res://Prefabs/missile.tscn" id="3_emr2n"]
[ext_resource type="PackedScene" uid="uid://c8qit141fb8vc" path="res://Prefabs/ufo.tscn" id="5_d5fs2"]
[ext_resource type="PackedScene" uid="uid://c1fn7txwjhyor" path="res://Prefabs/player.tscn" id="6_dr1gv"]
[ext_resource type="Script" path="res://Scripts/ObjMove.cs" id="7_yu7my"]
[ext_resource type="PackedScene" uid="uid://bl3hdtqb5i7e4" path="res://Prefabs/kaizo_block2.tscn" id="8_bnl6x"]
[ext_resource type="PackedScene" uid="uid://dm21u5dqx48rf" path="res://Prefabs/car.tscn" id="8_h2g0f"]
[ext_resource type="Script" path="res://Scripts/ObjRotate.cs" id="8_p1auy"]
[ext_resource type="PackedScene" uid="uid://df3w70wisfg3" path="res://Prefabs/checkpoint.tscn" id="9_7mnhn"]
[ext_resource type="AudioStream" uid="uid://orjbrgkswcko" path="res://Sounds/Music/Action 52 - CheetahMen Theme.mp3" id="9_givbw"]
[ext_resource type="PackedScene" uid="uid://ytfmvh4xkxec" path="res://Prefabs/table.tscn" id="10_2ndvg"]
[ext_resource type="PackedScene" uid="uid://bcg13hsjimn6o" path="res://Prefabs/checkpoint_t.tscn" id="10_6dv6g"]
[ext_resource type="PackedScene" uid="uid://ddc8lgepy2gl7" path="res://Prefabs/spin.tscn" id="10_dqtft"]
[ext_resource type="PackedScene" uid="uid://0kaava6h5h6a" path="res://Prefabs/chair.tscn" id="11_3l7md"]
[ext_resource type="PackedScene" uid="uid://pmyr5ydbj4m" path="res://Prefabs/checkpoint_e.tscn" id="11_j3ikk"]
[ext_resource type="PackedScene" uid="uid://cfgvo0cp58axi" path="res://Prefabs/death_zone.tscn" id="11_lq2us"]
[ext_resource type="Script" path="res://Scripts/CheckpontHandler.cs" id="12_swfrj"]
[ext_resource type="Script" path="res://Scripts/ObjDestroy.cs" id="13_phr1a"]
[ext_resource type="PackedScene" uid="uid://dhda1vc3fv0s7" path="res://Prefabs/kaizo_block.tscn" id="14_tp5um"]
[ext_resource type="Texture2D" uid="uid://5ra3bpfdcl80" path="res://Textures/br_win.tga" id="15_vvmtu"]
[ext_resource type="Texture2D" uid="uid://dm3cqh2ris1xn" path="res://Textures/back01.png" id="19_vpjl1"]
[ext_resource type="PackedScene" uid="uid://cjvgih44rp4wf" path="res://Models/Map/MAP01/MAP01.FBX" id="20_dcgoc"]
[ext_resource type="PackedScene" uid="uid://djdceu0uqj8m2" path="res://Prefabs/fire.tscn" id="21_fhcfg"]
[ext_resource type="LabelSettings" uid="uid://ctksf4dp0cw1m" path="res://Label/main_label.tres" id="23_c41u3"]
[ext_resource type="LabelSettings" uid="uid://dvlj0gpdah2pb" path="res://Label/sub_label.tres" id="25_42q6k"]
[ext_resource type="Script" path="res://Scripts/MenuControl.cs" id="25_t1wya"]
[ext_resource type="PackedScene" uid="uid://vx2r3wwulpuc" path="res://Prefabs/tree.tscn" id="26_pmwmm"]
[ext_resource type="PackedScene" uid="uid://cofyf4edkiv12" path="res://Prefabs/tree3.tscn" id="26_rvqlr"]
[ext_resource type="Material" uid="uid://dhltoc5t8huax" path="res://Textures/Materials/invert.tres" id="27_vm51e"]
[ext_resource type="PackedScene" uid="uid://dllh6bhfjg5rm" path="res://Prefabs/mine.tscn" id="28_2vdo3"]

[sub_resource type="BoxShape3D" id="BoxShape3D_kew7e"]
size = Vector3(1.6183, 0.605215, 0.422273)

[sub_resource type="BoxShape3D" id="BoxShape3D_8piqw"]
size = Vector3(1, 3.89779, 5.52939)

[sub_resource type="BoxShape3D" id="BoxShape3D_8bill"]
size = Vector3(1, 5.16416, 1.85612)

[sub_resource type="BoxShape3D" id="BoxShape3D_ihihv"]
size = Vector3(60, 1, 40)

[sub_resource type="BoxShape3D" id="BoxShape3D_glrdp"]
size = Vector3(5, 1, 5)

[sub_resource type="BoxShape3D" id="BoxShape3D_3i4gl"]
size = Vector3(2.40844, 2.92447, 1)

[sub_resource type="BoxShape3D" id="BoxShape3D_ri8vw"]

[sub_resource type="PanoramaSkyMaterial" id="PanoramaSkyMaterial_shqhe"]
panorama = ExtResource("19_vpjl1")
filter = false

[sub_resource type="Sky" id="Sky_1g7ru"]
sky_material = SubResource("PanoramaSkyMaterial_shqhe")

[sub_resource type="Environment" id="Environment_2of3n"]
background_mode = 2
sky = SubResource("Sky_1g7ru")
ambient_light_source = 2
ambient_light_color = Color(0.501961, 0.501961, 0.501961, 1)
reflected_light_source = 1

[node name="Game" type="Node3D" node_paths=PackedStringArray("menu")]
script = ExtResource("1_folew")
menu = NodePath("Menu/MenuControl")

[node name="Dynamics" type="Node3D" parent="."]

[node name="Dynamic" type="Node3D" parent="Dynamics"]

[node name="Spin" parent="Dynamics/Dynamic" instance=ExtResource("10_dqtft")]
transform = Transform3D(1, 0, 0, 0, 1, 0, 0, 0, 1, -41.6024, 18.8492, 35.4445)
script = ExtResource("8_p1auy")
speed = 0.05
axis = Vector3(0, 1, 0)
inactive = true

[node name="Spin2" parent="Dynamics/Dynamic" instance=ExtResource("10_dqtft")]
transform = Transform3D(1, 0, 0, 0, 1, 0, 0, 0, 1, -19.9885, 21.167, 40.5283)
script = ExtResource("8_p1auy")
speed = 0.05
axis = Vector3(0, 1, 0)
inactive = true

[node name="Spin3" parent="Dynamics/Dynamic" instance=ExtResource("10_dqtft")]
transform = Transform3D(1, 0, 0, 0, 1, 0, 0, 0, 1, 52.3963, 26.7216, 46.7982)

[node name="Ufo" parent="Dynamics/Dynamic" instance=ExtResource("5_d5fs2")]
transform = Transform3D(1, 0, 0, 0, 1, 0, 0, 0, 1, -5.35368, 21.9516, 47.5005)
script = ExtResource("7_yu7my")
speed = 0.1
target = Vector3(6, 5, 0)

[node name="Ufo2" parent="Dynamics/Dynamic" instance=ExtResource("5_d5fs2")]
transform = Transform3D(1, 0, 0, 0, 1, 0, 0, 0, 1, 5.45411, 27.4863, 47.3231)

[node name="Missile" parent="Dynamics/Dynamic" instance=ExtResource("3_emr2n")]
transform = Transform3D(1, 0, 0, 0, 1, 0, 0, 0, 1, 10.3933, 26.5118, 47.124)
script = ExtResource("7_yu7my")
speed = 0.2
target = Vector3(30, 0, 0)
move_type = true

[node name="KaizoBlock" parent="Dynamics/Dynamic" instance=ExtResource("14_tp5um")]
transform = Transform3D(1, 0, 0, 0, 1, 0, 0, 0, 1, -62.4602, 10.3503, -16.6313)

[node name="KaizoBlock7" parent="Dynamics/Dynamic" instance=ExtResource("14_tp5um")]
transform = Transform3D(1, 0, 0, 0, 1, 0, 0, 0, 1, -62.4602, 10.3503, -16.6313)

[node name="KaizoBlock2" parent="Dynamics/Dynamic" instance=ExtResource("14_tp5um")]
transform = Transform3D(1, 0, 0, 0, 1, 0, 0, 0, 1, -18.4609, 11.1012, -10.6834)

[node name="KaizoBlock8" parent="Dynamics/Dynamic" instance=ExtResource("8_bnl6x")]
transform = Transform3D(1, 0, 0, 0, 1, 0, 0, 0, 1, -56.585, 8.68935, 32.3717)

[node name="KaizoBlock4" parent="Dynamics/Dynamic" instance=ExtResource("14_tp5um")]
transform = Transform3D(1, 0, 0, 0, 1, 0, 0, 0, 1, -57.5013, 11.9013, 32.8034)

[node name="KaizoBlock5" parent="Dynamics/Dynamic" instance=ExtResource("14_tp5um")]
transform = Transform3D(1, 0, 0, 0, 1, 0, 0, 0, 1, -58.0519, 15.2254, 33.5088)

[node name="KaizoBlock6" parent="Dynamics/Dynamic" instance=ExtResource("14_tp5um")]
transform = Transform3D(1, 0, 0, 0, 1, 0, 0, 0, 1, -62.615, 10.3503, -18.6616)

[node name="Car" parent="Dynamics/Dynamic" instance=ExtResource("8_h2g0f")]
transform = Transform3D(-4.37114e-08, 0, 1, 0, 1, 0, -1, 0, -4.37114e-08, 46.869, 5.72908, 73.2352)
script = ExtResource("7_yu7my")
speed = 0.3
target = Vector3(0, 0, -40)
move_type = true

[node name="DeathZone" parent="Dynamics/Dynamic/Car" instance=ExtResource("11_lq2us")]
transform = Transform3D(-4.37114e-08, 0, -1, 0, 1, 0, 1, 0, -4.37114e-08, 2.08497, 0.474009, 0.0290642)

[node name="CollisionShape3D" parent="Dynamics/Dynamic/Car/DeathZone" index="0"]
shape = SubResource("BoxShape3D_kew7e")

[node name="Car2" parent="Dynamics/Dynamic" instance=ExtResource("8_h2g0f")]
transform = Transform3D(-4.37114e-08, 0, 1, 0, 1, 0, -1, 0, -4.37114e-08, 34.2086, 5.72908, 80.5023)
script = ExtResource("7_yu7my")
speed = 0.3
target = Vector3(0, 0, -50)
move_type = true

[node name="DeathZone" parent="Dynamics/Dynamic/Car2" instance=ExtResource("11_lq2us")]
transform = Transform3D(-4.37114e-08, 0, -1, 0, 1, 0, 1, 0, -4.37114e-08, 2.08497, 0.474009, 0.0290642)

[node name="CollisionShape3D" parent="Dynamics/Dynamic/Car2/DeathZone" index="0"]
shape = SubResource("BoxShape3D_kew7e")

[node name="Car3" parent="Dynamics/Dynamic" instance=ExtResource("8_h2g0f")]
transform = Transform3D(-4.37114e-08, 0, 1, 0, 1, 0, -1, 0, -4.37114e-08, 23.6055, 5.72908, 84.7561)
script = ExtResource("7_yu7my")
speed = 0.3
target = Vector3(0, 0, -60)
move_type = true

[node name="DeathZone" parent="Dynamics/Dynamic/Car3" instance=ExtResource("11_lq2us")]
transform = Transform3D(-4.37114e-08, 0, -1, 0, 1, 0, 1, 0, -4.37114e-08, 2.08497, 0.474009, 0.0290642)

[node name="CollisionShape3D" parent="Dynamics/Dynamic/Car3/DeathZone" index="0"]
shape = SubResource("BoxShape3D_kew7e")

[node name="Car4" parent="Dynamics/Dynamic" instance=ExtResource("8_h2g0f")]
transform = Transform3D(1.19249e-08, 0, -1, 0, 1, 0, 1, 0, 1.19249e-08, 27.5962, 5.72908, 23.7591)
script = ExtResource("7_yu7my")
speed = 0.4
target = Vector3(0, 0, 50)
move_type = true

[node name="DeathZone" parent="Dynamics/Dynamic/Car4" instance=ExtResource("11_lq2us")]
transform = Transform3D(-4.37114e-08, 0, -1, 0, 1, 0, 1, 0, -4.37114e-08, 2.08497, 0.474009, 0.0290642)

[node name="CollisionShape3D" parent="Dynamics/Dynamic/Car4/DeathZone" index="0"]
shape = SubResource("BoxShape3D_kew7e")

[node name="Car5" parent="Dynamics/Dynamic" instance=ExtResource("8_h2g0f")]
transform = Transform3D(1.19249e-08, 0, -1, 0, 1, 0, 1, 0, 1.19249e-08, 38.2367, 5.72908, 29.0935)
script = ExtResource("7_yu7my")
speed = 0.4
target = Vector3(0, 0, 40)
move_type = true

[node name="DeathZone" parent="Dynamics/Dynamic/Car5" instance=ExtResource("11_lq2us")]
transform = Transform3D(-4.37114e-08, 0, -1, 0, 1, 0, 1, 0, -4.37114e-08, 2.08497, 0.474009, 0.0290642)

[node name="CollisionShape3D" parent="Dynamics/Dynamic/Car5/DeathZone" index="0"]
shape = SubResource("BoxShape3D_kew7e")

[node name="Car6" parent="Dynamics/Dynamic" instance=ExtResource("8_h2g0f")]
transform = Transform3D(1.19249e-08, 0, -1, 0, 1, 0, 1, 0, 1.19249e-08, 18.092, 5.72908, 19.383)
script = ExtResource("7_yu7my")
speed = 0.4
target = Vector3(0, 0, 60)
move_type = true

[node name="DeathZone" parent="Dynamics/Dynamic/Car6" instance=ExtResource("11_lq2us")]
transform = Transform3D(-4.37114e-08, 0, -1, 0, 1, 0, 1, 0, -4.37114e-08, 2.08497, 0.474009, 0.0290642)

[node name="CollisionShape3D" parent="Dynamics/Dynamic/Car6/DeathZone" index="0"]
shape = SubResource("BoxShape3D_kew7e")

[node name="Dynamic2" type="Node3D" parent="Dynamics"]

[node name="TableAxis" type="Node3D" parent="Dynamics/Dynamic2"]
transform = Transform3D(1, 0, 0, 0, 1, 0, 0, 0, 1, -41.9653, 11.7596, 14.6767)
script = ExtResource("8_p1auy")
speed = 0.05
axis = Vector3(0, 1, 0)

[node name="Table" parent="Dynamics/Dynamic2/TableAxis" instance=ExtResource("10_2ndvg")]
script = ExtResource("7_yu7my")
speed = 0.1
target = Vector3(0, 20, 0)

[node name="TableAxis2" type="Node3D" parent="Dynamics/Dynamic2"]
transform = Transform3D(1, 0, 0, 0, 1, 0, 0, 0, 1, -35.2169, 33.2642, 14.6767)
script = ExtResource("8_p1auy")
speed = 0.05
axis = Vector3(0, 1, 0)

[node name="Table" parent="Dynamics/Dynamic2/TableAxis2" instance=ExtResource("10_2ndvg")]

[node name="Chair" parent="Dynamics/Dynamic2" instance=ExtResource("11_3l7md")]
transform = Transform3D(1, 0, 0, 0, 1, 0, 0, 0, 1, -40.61, 6.68129, 21.2987)
script = ExtResource("7_yu7my")
speed = 0.5
target = Vector3(0, 50, 0)
move_type = true
inactive = true
drop = true

[node name="Chair2" parent="Dynamics/Dynamic2" instance=ExtResource("11_3l7md")]
transform = Transform3D(1, 0, 0, 0, 1, 0, 0, 0, 1, 6.06987, 33.8052, 14.6469)
script = ExtResource("7_yu7my")
speed = 0.15
target = Vector3(-60, 0, 0)
move_type = true

[node name="Table" parent="Dynamics/Dynamic2" instance=ExtResource("10_2ndvg")]
transform = Transform3D(1, 0, 0, 0, 1, 0, 0, 0, 1, 8.83359, 33.9979, 14.4376)

[node name="Dynamic3" type="Node3D" parent="Dynamics"]

[node name="Chair" parent="Dynamics/Dynamic3" instance=ExtResource("11_3l7md")]
transform = Transform3D(1, 0, 0, 0, 1, 0, 0, 0, 1, -80.0053, -0.8, -11.3542)
script = ExtResource("7_yu7my")
speed = 0.05
target = Vector3(0, 2, 0)

[node name="Chair2" parent="Dynamics/Dynamic3" instance=ExtResource("11_3l7md")]
transform = Transform3D(1, 0, 0, 0, 1, 0, 0, 0, 1, -96.2341, -0.530007, -7.78407)
script = ExtResource("7_yu7my")
speed = 0.08
target = Vector3(0, 2, 0)

[node name="Chair3" parent="Dynamics/Dynamic3" instance=ExtResource("11_3l7md")]
transform = Transform3D(1, 0, 0, 0, 1, 0, 0, 0, 1, -70.683, -0.8, -9.67089)
script = ExtResource("7_yu7my")
speed = 0.1
target = Vector3(0, 2, 0)

[node name="Missile" parent="Dynamics/Dynamic3" instance=ExtResource("3_emr2n")]
transform = Transform3D(1, 0, 0, 0, 1, 0, 0, 0, 1, -109.773, 0.212801, -9.59357)

[node name="Spin" parent="Dynamics/Dynamic3" instance=ExtResource("10_dqtft")]
transform = Transform3D(-4.37114e-08, -1, 0, 1, -4.37114e-08, 0, 0, 0, 1, -90.6165, 3.80762, -18.2803)
collision_layer = 2
script = ExtResource("8_p1auy")
speed = 0.05
axis = Vector3(1, 0, 0)

[node name="Trigger" type="Node3D" parent="Dynamics/Dynamic3/Spin"]
transform = Transform3D(1, -3.55271e-15, 0, 3.55271e-15, 1, 0, 0, 0, 1, 0, 0, 0)

[node name="DeathZone" parent="Dynamics/Dynamic3/Spin/Trigger" instance=ExtResource("11_lq2us")]
transform = Transform3D(-3.09085e-08, 0.707107, 0.707107, -1, -4.37113e-08, 7.81597e-14, 3.09086e-08, -0.707107, 0.707107, 4.62553, 0, 4.64958)

[node name="CollisionShape3D" parent="Dynamics/Dynamic3/Spin/Trigger/DeathZone" index="0"]
shape = SubResource("BoxShape3D_8piqw")

[node name="DeathZone2" parent="Dynamics/Dynamic3/Spin/Trigger" instance=ExtResource("11_lq2us")]
transform = Transform3D(-3.09085e-08, 0.707107, 0.707107, -1, -4.37113e-08, 1.13687e-13, 3.09086e-08, -0.707107, 0.707107, 7.0928, 0, 7.02556)

[node name="CollisionShape3D" parent="Dynamics/Dynamic3/Spin/Trigger/DeathZone2" index="0"]
shape = SubResource("BoxShape3D_8bill")

[node name="Trigger2" type="Node3D" parent="Dynamics/Dynamic3/Spin"]
transform = Transform3D(-4.37114e-08, 4.37114e-08, -1, 4.37114e-08, 1, 4.37114e-08, 1, -4.37114e-08, -4.37114e-08, 0, 0, 0)

[node name="DeathZone3" parent="Dynamics/Dynamic3/Spin/Trigger2" instance=ExtResource("11_lq2us")]
transform = Transform3D(-3.09085e-08, 0.707107, 0.707107, -1, -4.37113e-08, 7.81597e-14, 3.09086e-08, -0.707107, 0.707107, 4.62553, 0, 4.64958)

[node name="CollisionShape3D" parent="Dynamics/Dynamic3/Spin/Trigger2/DeathZone3" index="0"]
shape = SubResource("BoxShape3D_8piqw")

[node name="DeathZone4" parent="Dynamics/Dynamic3/Spin/Trigger2" instance=ExtResource("11_lq2us")]
transform = Transform3D(-3.09085e-08, 0.707107, 0.707107, -1, -4.37113e-08, 1.13687e-13, 3.09086e-08, -0.707107, 0.707107, 7.0928, 0, 7.02556)

[node name="CollisionShape3D" parent="Dynamics/Dynamic3/Spin/Trigger2/DeathZone4" index="0"]
shape = SubResource("BoxShape3D_8bill")

[node name="Trigger3" type="Node3D" parent="Dynamics/Dynamic3/Spin"]
transform = Transform3D(-1, 8.74228e-08, 8.74228e-08, 8.74228e-08, 1, -7.37408e-15, -8.74228e-08, -5.19474e-15, -1, 0, 0, 0)

[node name="DeathZone3" parent="Dynamics/Dynamic3/Spin/Trigger3" instance=ExtResource("11_lq2us")]
transform = Transform3D(-3.09085e-08, 0.707107, 0.707107, -1, -4.37113e-08, 7.81597e-14, 3.09086e-08, -0.707107, 0.707107, 4.62553, 0, 4.64958)

[node name="CollisionShape3D" parent="Dynamics/Dynamic3/Spin/Trigger3/DeathZone3" index="0"]
shape = SubResource("BoxShape3D_8piqw")

[node name="DeathZone4" parent="Dynamics/Dynamic3/Spin/Trigger3" instance=ExtResource("11_lq2us")]
transform = Transform3D(-3.09085e-08, 0.707107, 0.707107, -1, -4.37113e-08, 1.13687e-13, 3.09086e-08, -0.707107, 0.707107, 7.0928, 0, 7.02556)

[node name="CollisionShape3D" parent="Dynamics/Dynamic3/Spin/Trigger3/DeathZone4" index="0"]
shape = SubResource("BoxShape3D_8bill")

[node name="Trigger4" type="Node3D" parent="Dynamics/Dynamic3/Spin"]
transform = Transform3D(1.31134e-07, 4.37114e-08, 1, 4.37114e-08, 1, -4.37114e-08, -1, 4.37114e-08, 1.31134e-07, 0, 0, 0)

[node name="DeathZone3" parent="Dynamics/Dynamic3/Spin/Trigger4" instance=ExtResource("11_lq2us")]
transform = Transform3D(-3.09085e-08, 0.707107, 0.707107, -1, -4.37113e-08, 7.81597e-14, 3.09086e-08, -0.707107, 0.707107, 4.62553, 0, 4.64958)

[node name="CollisionShape3D" parent="Dynamics/Dynamic3/Spin/Trigger4/DeathZone3" index="0"]
shape = SubResource("BoxShape3D_8piqw")

[node name="DeathZone4" parent="Dynamics/Dynamic3/Spin/Trigger4" instance=ExtResource("11_lq2us")]
transform = Transform3D(-3.09085e-08, 0.707107, 0.707107, -1, -4.37113e-08, 1.13687e-13, 3.09086e-08, -0.707107, 0.707107, 7.0928, 0, 7.02556)

[node name="CollisionShape3D" parent="Dynamics/Dynamic3/Spin/Trigger4/DeathZone4" index="0"]
shape = SubResource("BoxShape3D_8bill")

[node name="SpinAxis" type="Node3D" parent="Dynamics/Dynamic3"]
transform = Transform3D(-2.18557e-08, -0.5, -0.866025, 1, -4.37114e-08, 0, -3.78552e-08, -0.866026, 0.5, -89.8864, 3.80762, -2.37955)

[node name="Spin2" parent="Dynamics/Dynamic3/SpinAxis" instance=ExtResource("10_dqtft")]
transform = Transform3D(1, -3.55271e-15, 0, 3.55271e-15, 1, 0, 0, 0, 1, 0, 0, 0)
collision_layer = 2
script = ExtResource("8_p1auy")
speed = 0.05
axis = Vector3(0, 1, 0)

[node name="Trigger" type="Node3D" parent="Dynamics/Dynamic3/SpinAxis/Spin2"]
transform = Transform3D(1, -3.55271e-15, 0, 3.55271e-15, 1, 0, 0, 0, 1, 0, 0, 0)

[node name="DeathZone" parent="Dynamics/Dynamic3/SpinAxis/Spin2/Trigger" instance=ExtResource("11_lq2us")]
transform = Transform3D(-3.09085e-08, 0.707107, 0.707107, -1, -4.37113e-08, 7.81597e-14, 3.09086e-08, -0.707107, 0.707107, 4.62553, 0, 4.64958)

[node name="CollisionShape3D" parent="Dynamics/Dynamic3/SpinAxis/Spin2/Trigger/DeathZone" index="0"]
shape = SubResource("BoxShape3D_8piqw")

[node name="DeathZone2" parent="Dynamics/Dynamic3/SpinAxis/Spin2/Trigger" instance=ExtResource("11_lq2us")]
transform = Transform3D(-3.09085e-08, 0.707107, 0.707107, -1, -4.37113e-08, 1.13687e-13, 3.09086e-08, -0.707107, 0.707107, 7.0928, 0, 7.02556)

[node name="CollisionShape3D" parent="Dynamics/Dynamic3/SpinAxis/Spin2/Trigger/DeathZone2" index="0"]
shape = SubResource("BoxShape3D_8bill")

[node name="Trigger2" type="Node3D" parent="Dynamics/Dynamic3/SpinAxis/Spin2"]
transform = Transform3D(-4.37114e-08, 4.37114e-08, -1, 4.37114e-08, 1, 4.37114e-08, 1, -4.37114e-08, -4.37114e-08, 0, 0, 0)

[node name="DeathZone3" parent="Dynamics/Dynamic3/SpinAxis/Spin2/Trigger2" instance=ExtResource("11_lq2us")]
transform = Transform3D(-3.09085e-08, 0.707107, 0.707107, -1, -4.37113e-08, 7.81597e-14, 3.09086e-08, -0.707107, 0.707107, 4.62553, 0, 4.64958)

[node name="CollisionShape3D" parent="Dynamics/Dynamic3/SpinAxis/Spin2/Trigger2/DeathZone3" index="0"]
shape = SubResource("BoxShape3D_8piqw")

[node name="DeathZone4" parent="Dynamics/Dynamic3/SpinAxis/Spin2/Trigger2" instance=ExtResource("11_lq2us")]
transform = Transform3D(-3.09085e-08, 0.707107, 0.707107, -1, -4.37113e-08, 1.13687e-13, 3.09086e-08, -0.707107, 0.707107, 7.0928, 0, 7.02556)

[node name="CollisionShape3D" parent="Dynamics/Dynamic3/SpinAxis/Spin2/Trigger2/DeathZone4" index="0"]
shape = SubResource("BoxShape3D_8bill")

[node name="Trigger3" type="Node3D" parent="Dynamics/Dynamic3/SpinAxis/Spin2"]
transform = Transform3D(-1, 8.74228e-08, 8.74228e-08, 8.74228e-08, 1, -7.37408e-15, -8.74228e-08, -5.19474e-15, -1, 0, 0, 0)

[node name="DeathZone3" parent="Dynamics/Dynamic3/SpinAxis/Spin2/Trigger3" instance=ExtResource("11_lq2us")]
transform = Transform3D(-3.09085e-08, 0.707107, 0.707107, -1, -4.37113e-08, 7.81597e-14, 3.09086e-08, -0.707107, 0.707107, 4.62553, 0, 4.64958)

[node name="CollisionShape3D" parent="Dynamics/Dynamic3/SpinAxis/Spin2/Trigger3/DeathZone3" index="0"]
shape = SubResource("BoxShape3D_8piqw")

[node name="DeathZone4" parent="Dynamics/Dynamic3/SpinAxis/Spin2/Trigger3" instance=ExtResource("11_lq2us")]
transform = Transform3D(-3.09085e-08, 0.707107, 0.707107, -1, -4.37113e-08, 1.13687e-13, 3.09086e-08, -0.707107, 0.707107, 7.0928, 0, 7.02556)

[node name="CollisionShape3D" parent="Dynamics/Dynamic3/SpinAxis/Spin2/Trigger3/DeathZone4" index="0"]
shape = SubResource("BoxShape3D_8bill")

[node name="Trigger4" type="Node3D" parent="Dynamics/Dynamic3/SpinAxis/Spin2"]
transform = Transform3D(1.31134e-07, 4.37114e-08, 1, 4.37114e-08, 1, -4.37114e-08, -1, 4.37114e-08, 1.31134e-07, 0, 0, 0)

[node name="DeathZone3" parent="Dynamics/Dynamic3/SpinAxis/Spin2/Trigger4" instance=ExtResource("11_lq2us")]
transform = Transform3D(-3.09085e-08, 0.707107, 0.707107, -1, -4.37113e-08, 7.81597e-14, 3.09086e-08, -0.707107, 0.707107, 4.62553, 0, 4.64958)

[node name="CollisionShape3D" parent="Dynamics/Dynamic3/SpinAxis/Spin2/Trigger4/DeathZone3" index="0"]
shape = SubResource("BoxShape3D_8piqw")

[node name="DeathZone4" parent="Dynamics/Dynamic3/SpinAxis/Spin2/Trigger4" instance=ExtResource("11_lq2us")]
transform = Transform3D(-3.09085e-08, 0.707107, 0.707107, -1, -4.37113e-08, 1.13687e-13, 3.09086e-08, -0.707107, 0.707107, 7.0928, 0, 7.02556)

[node name="CollisionShape3D" parent="Dynamics/Dynamic3/SpinAxis/Spin2/Trigger4/DeathZone4" index="0"]
shape = SubResource("BoxShape3D_8bill")

[node name="Dynamic4" type="Node3D" parent="Dynamics"]

[node name="fire" parent="Dynamics/Dynamic4" instance=ExtResource("21_fhcfg")]
transform = Transform3D(1, 0, 0, 0, 1, 0, 0, 0, 1, -77.5698, 6.23292, 37.1093)

[node name="fire2" parent="Dynamics/Dynamic4" instance=ExtResource("21_fhcfg")]
transform = Transform3D(1, 0, 0, 0, 1, 0, 0, 0, 1, -76.777, 6.23292, 37.1093)

[node name="fire3" parent="Dynamics/Dynamic4" instance=ExtResource("21_fhcfg")]
transform = Transform3D(1, 0, 0, 0, 1, 0, 0, 0, 1, -76.0623, 6.23292, 37.1093)

[node name="fire4" parent="Dynamics/Dynamic4" instance=ExtResource("21_fhcfg")]
transform = Transform3D(1, 0, 0, 0, 1, 0, 0, 0, 1, -88.5951, 7.44584, 4.87558)

[node name="fire5" parent="Dynamics/Dynamic4" instance=ExtResource("21_fhcfg")]
transform = Transform3D(1, 0, 0, 0, 1, 0, 0, 0, 1, -61.5253, 8.94403, -8.54895)

[node name="fire6" parent="Dynamics/Dynamic4" instance=ExtResource("21_fhcfg")]
transform = Transform3D(1, 0, 0, 0, 1, 0, 0, 0, 1, -61.4656, 8.94403, -17.4684)

[node name="Dynamic5" type="Node3D" parent="Dynamics"]

[node name="Table" parent="Dynamics/Dynamic5" instance=ExtResource("10_2ndvg")]
transform = Transform3D(1, 0, 0, 0, 1, 0, 0, 0, 1, -85.4811, 7.23291, 32.8938)
script = ExtResource("7_yu7my")
speed = 0.04
target = Vector3(10, 0, 0)
inactive = true

[node name="KaizoBlock4" parent="Dynamics/Dynamic5" instance=ExtResource("8_bnl6x")]
transform = Transform3D(1, 0, 0, 0, 1, 0, 0, 0, 1, -83.2855, -7.85338, 4.58028)

[node name="KaizoBlock2" parent="Dynamics/Dynamic5" instance=ExtResource("14_tp5um")]
transform = Transform3D(1, 0, 0, 0, 1, 0, 0, 0, 1, -83.9744, -4.38374, 4.58028)

[node name="KaizoBlock3" parent="Dynamics/Dynamic5" instance=ExtResource("14_tp5um")]
transform = Transform3D(1, 0, 0, 0, 1, 0, 0, 0, 1, -84.459, -1.12031, 4.58028)

[node name="Dynamic6" type="Node3D" parent="Dynamics"]

[node name="Spin" parent="Dynamics/Dynamic6" instance=ExtResource("10_dqtft")]
transform = Transform3D(-4.37114e-08, -1, 0, 1, -4.37114e-08, 0, 0, 0, 1, -53.3213, -8.51066, -18.2803)
collision_layer = 2
script = ExtResource("8_p1auy")
speed = 0.04
axis = Vector3(1, 0, 0)

[node name="Trigger" type="Node3D" parent="Dynamics/Dynamic6/Spin"]
transform = Transform3D(1, -3.55271e-15, 0, 3.55271e-15, 1, 0, 0, 0, 1, 0, 0, 0)

[node name="DeathZone" parent="Dynamics/Dynamic6/Spin/Trigger" instance=ExtResource("11_lq2us")]
transform = Transform3D(-3.09085e-08, 0.707107, 0.707107, -1, -4.37113e-08, 7.81597e-14, 3.09086e-08, -0.707107, 0.707107, 4.62553, 0, 4.64958)

[node name="CollisionShape3D" parent="Dynamics/Dynamic6/Spin/Trigger/DeathZone" index="0"]
shape = SubResource("BoxShape3D_8piqw")

[node name="DeathZone2" parent="Dynamics/Dynamic6/Spin/Trigger" instance=ExtResource("11_lq2us")]
transform = Transform3D(-3.09085e-08, 0.707107, 0.707107, -1, -4.37113e-08, 1.13687e-13, 3.09086e-08, -0.707107, 0.707107, 7.0928, 0, 7.02556)

[node name="CollisionShape3D" parent="Dynamics/Dynamic6/Spin/Trigger/DeathZone2" index="0"]
shape = SubResource("BoxShape3D_8bill")

[node name="Trigger2" type="Node3D" parent="Dynamics/Dynamic6/Spin"]
transform = Transform3D(-4.37114e-08, 4.37114e-08, -1, 4.37114e-08, 1, 4.37114e-08, 1, -4.37114e-08, -4.37114e-08, 0, 0, 0)

[node name="DeathZone3" parent="Dynamics/Dynamic6/Spin/Trigger2" instance=ExtResource("11_lq2us")]
transform = Transform3D(-3.09085e-08, 0.707107, 0.707107, -1, -4.37113e-08, 7.81597e-14, 3.09086e-08, -0.707107, 0.707107, 4.62553, 0, 4.64958)

[node name="CollisionShape3D" parent="Dynamics/Dynamic6/Spin/Trigger2/DeathZone3" index="0"]
shape = SubResource("BoxShape3D_8piqw")

[node name="DeathZone4" parent="Dynamics/Dynamic6/Spin/Trigger2" instance=ExtResource("11_lq2us")]
transform = Transform3D(-3.09085e-08, 0.707107, 0.707107, -1, -4.37113e-08, 1.13687e-13, 3.09086e-08, -0.707107, 0.707107, 7.0928, 0, 7.02556)

[node name="CollisionShape3D" parent="Dynamics/Dynamic6/Spin/Trigger2/DeathZone4" index="0"]
shape = SubResource("BoxShape3D_8bill")

[node name="Trigger3" type="Node3D" parent="Dynamics/Dynamic6/Spin"]
transform = Transform3D(-1, 8.74228e-08, 8.74228e-08, 8.74228e-08, 1, -7.37408e-15, -8.74228e-08, -5.19474e-15, -1, 0, 0, 0)

[node name="DeathZone3" parent="Dynamics/Dynamic6/Spin/Trigger3" instance=ExtResource("11_lq2us")]
transform = Transform3D(-3.09085e-08, 0.707107, 0.707107, -1, -4.37113e-08, 7.81597e-14, 3.09086e-08, -0.707107, 0.707107, 4.62553, 0, 4.64958)

[node name="CollisionShape3D" parent="Dynamics/Dynamic6/Spin/Trigger3/DeathZone3" index="0"]
shape = SubResource("BoxShape3D_8piqw")

[node name="DeathZone4" parent="Dynamics/Dynamic6/Spin/Trigger3" instance=ExtResource("11_lq2us")]
transform = Transform3D(-3.09085e-08, 0.707107, 0.707107, -1, -4.37113e-08, 1.13687e-13, 3.09086e-08, -0.707107, 0.707107, 7.0928, 0, 7.02556)

[node name="CollisionShape3D" parent="Dynamics/Dynamic6/Spin/Trigger3/DeathZone4" index="0"]
shape = SubResource("BoxShape3D_8bill")

[node name="Trigger4" type="Node3D" parent="Dynamics/Dynamic6/Spin"]
transform = Transform3D(1.31134e-07, 4.37114e-08, 1, 4.37114e-08, 1, -4.37114e-08, -1, 4.37114e-08, 1.31134e-07, 0, 0, 0)

[node name="DeathZone3" parent="Dynamics/Dynamic6/Spin/Trigger4" instance=ExtResource("11_lq2us")]
transform = Transform3D(-3.09085e-08, 0.707107, 0.707107, -1, -4.37113e-08, 7.81597e-14, 3.09086e-08, -0.707107, 0.707107, 4.62553, 0, 4.64958)

[node name="CollisionShape3D" parent="Dynamics/Dynamic6/Spin/Trigger4/DeathZone3" index="0"]
shape = SubResource("BoxShape3D_8piqw")

[node name="DeathZone4" parent="Dynamics/Dynamic6/Spin/Trigger4" instance=ExtResource("11_lq2us")]
transform = Transform3D(-3.09085e-08, 0.707107, 0.707107, -1, -4.37113e-08, 1.13687e-13, 3.09086e-08, -0.707107, 0.707107, 7.0928, 0, 7.02556)

[node name="CollisionShape3D" parent="Dynamics/Dynamic6/Spin/Trigger4/DeathZone4" index="0"]
shape = SubResource("BoxShape3D_8bill")

[node name="Spin2" parent="Dynamics/Dynamic6" instance=ExtResource("10_dqtft")]
transform = Transform3D(-4.37114e-08, -1, 0, 1, -4.37114e-08, 0, 0, 0, 1, -41.5289, -8.51066, -2.87277)
collision_layer = 2
script = ExtResource("8_p1auy")
speed = -0.04
axis = Vector3(1, 0, 0)

[node name="Trigger" type="Node3D" parent="Dynamics/Dynamic6/Spin2"]
transform = Transform3D(1, -3.55271e-15, 0, 3.55271e-15, 1, 0, 0, 0, 1, 0, 0, 0)

[node name="DeathZone" parent="Dynamics/Dynamic6/Spin2/Trigger" instance=ExtResource("11_lq2us")]
transform = Transform3D(-3.09085e-08, 0.707107, 0.707107, -1, -4.37113e-08, 7.81597e-14, 3.09086e-08, -0.707107, 0.707107, 4.62553, 0, 4.64958)

[node name="CollisionShape3D" parent="Dynamics/Dynamic6/Spin2/Trigger/DeathZone" index="0"]
shape = SubResource("BoxShape3D_8piqw")

[node name="DeathZone2" parent="Dynamics/Dynamic6/Spin2/Trigger" instance=ExtResource("11_lq2us")]
transform = Transform3D(-3.09085e-08, 0.707107, 0.707107, -1, -4.37113e-08, 1.13687e-13, 3.09086e-08, -0.707107, 0.707107, 7.0928, 0, 7.02556)

[node name="CollisionShape3D" parent="Dynamics/Dynamic6/Spin2/Trigger/DeathZone2" index="0"]
shape = SubResource("BoxShape3D_8bill")

[node name="Trigger2" type="Node3D" parent="Dynamics/Dynamic6/Spin2"]
transform = Transform3D(-4.37114e-08, 4.37114e-08, -1, 4.37114e-08, 1, 4.37114e-08, 1, -4.37114e-08, -4.37114e-08, 0, 0, 0)

[node name="DeathZone3" parent="Dynamics/Dynamic6/Spin2/Trigger2" instance=ExtResource("11_lq2us")]
transform = Transform3D(-3.09085e-08, 0.707107, 0.707107, -1, -4.37113e-08, 7.81597e-14, 3.09086e-08, -0.707107, 0.707107, 4.62553, 0, 4.64958)

[node name="CollisionShape3D" parent="Dynamics/Dynamic6/Spin2/Trigger2/DeathZone3" index="0"]
shape = SubResource("BoxShape3D_8piqw")

[node name="DeathZone4" parent="Dynamics/Dynamic6/Spin2/Trigger2" instance=ExtResource("11_lq2us")]
transform = Transform3D(-3.09085e-08, 0.707107, 0.707107, -1, -4.37113e-08, 1.13687e-13, 3.09086e-08, -0.707107, 0.707107, 7.0928, 0, 7.02556)

[node name="CollisionShape3D" parent="Dynamics/Dynamic6/Spin2/Trigger2/DeathZone4" index="0"]
shape = SubResource("BoxShape3D_8bill")

[node name="Trigger3" type="Node3D" parent="Dynamics/Dynamic6/Spin2"]
transform = Transform3D(-1, 8.74228e-08, 8.74228e-08, 8.74228e-08, 1, -7.37408e-15, -8.74228e-08, -5.19474e-15, -1, 0, 0, 0)

[node name="DeathZone3" parent="Dynamics/Dynamic6/Spin2/Trigger3" instance=ExtResource("11_lq2us")]
transform = Transform3D(-3.09085e-08, 0.707107, 0.707107, -1, -4.37113e-08, 7.81597e-14, 3.09086e-08, -0.707107, 0.707107, 4.62553, 0, 4.64958)

[node name="CollisionShape3D" parent="Dynamics/Dynamic6/Spin2/Trigger3/DeathZone3" index="0"]
shape = SubResource("BoxShape3D_8piqw")

[node name="DeathZone4" parent="Dynamics/Dynamic6/Spin2/Trigger3" instance=ExtResource("11_lq2us")]
transform = Transform3D(-3.09085e-08, 0.707107, 0.707107, -1, -4.37113e-08, 1.13687e-13, 3.09086e-08, -0.707107, 0.707107, 7.0928, 0, 7.02556)

[node name="CollisionShape3D" parent="Dynamics/Dynamic6/Spin2/Trigger3/DeathZone4" index="0"]
shape = SubResource("BoxShape3D_8bill")

[node name="Trigger4" type="Node3D" parent="Dynamics/Dynamic6/Spin2"]
transform = Transform3D(1.31134e-07, 4.37114e-08, 1, 4.37114e-08, 1, -4.37114e-08, -1, 4.37114e-08, 1.31134e-07, 0, 0, 0)

[node name="DeathZone3" parent="Dynamics/Dynamic6/Spin2/Trigger4" instance=ExtResource("11_lq2us")]
transform = Transform3D(-3.09085e-08, 0.707107, 0.707107, -1, -4.37113e-08, 7.81597e-14, 3.09086e-08, -0.707107, 0.707107, 4.62553, 0, 4.64958)

[node name="CollisionShape3D" parent="Dynamics/Dynamic6/Spin2/Trigger4/DeathZone3" index="0"]
shape = SubResource("BoxShape3D_8piqw")

[node name="DeathZone4" parent="Dynamics/Dynamic6/Spin2/Trigger4" instance=ExtResource("11_lq2us")]
transform = Transform3D(-3.09085e-08, 0.707107, 0.707107, -1, -4.37113e-08, 1.13687e-13, 3.09086e-08, -0.707107, 0.707107, 7.0928, 0, 7.02556)

[node name="CollisionShape3D" parent="Dynamics/Dynamic6/Spin2/Trigger4/DeathZone4" index="0"]
shape = SubResource("BoxShape3D_8bill")

[node name="Spin3" parent="Dynamics/Dynamic6" instance=ExtResource("10_dqtft")]
transform = Transform3D(-4.37114e-08, -1, 0, 1, -4.37114e-08, 0, 0, 0, 1, -29.0559, -8.51066, -17.8445)
collision_layer = 2
script = ExtResource("8_p1auy")
speed = 0.03
axis = Vector3(1, 0, 0)

[node name="Trigger" type="Node3D" parent="Dynamics/Dynamic6/Spin3"]
transform = Transform3D(1, -3.55271e-15, 0, 3.55271e-15, 1, 0, 0, 0, 1, 0, 0, 0)

[node name="DeathZone" parent="Dynamics/Dynamic6/Spin3/Trigger" instance=ExtResource("11_lq2us")]
transform = Transform3D(-3.09085e-08, 0.707107, 0.707107, -1, -4.37113e-08, 7.81597e-14, 3.09086e-08, -0.707107, 0.707107, 4.62553, 0, 4.64958)

[node name="CollisionShape3D" parent="Dynamics/Dynamic6/Spin3/Trigger/DeathZone" index="0"]
shape = SubResource("BoxShape3D_8piqw")

[node name="DeathZone2" parent="Dynamics/Dynamic6/Spin3/Trigger" instance=ExtResource("11_lq2us")]
transform = Transform3D(-3.09085e-08, 0.707107, 0.707107, -1, -4.37113e-08, 1.13687e-13, 3.09086e-08, -0.707107, 0.707107, 7.0928, 0, 7.02556)

[node name="CollisionShape3D" parent="Dynamics/Dynamic6/Spin3/Trigger/DeathZone2" index="0"]
shape = SubResource("BoxShape3D_8bill")

[node name="Trigger2" type="Node3D" parent="Dynamics/Dynamic6/Spin3"]
transform = Transform3D(-4.37114e-08, 4.37114e-08, -1, 4.37114e-08, 1, 4.37114e-08, 1, -4.37114e-08, -4.37114e-08, 0, 0, 0)

[node name="DeathZone3" parent="Dynamics/Dynamic6/Spin3/Trigger2" instance=ExtResource("11_lq2us")]
transform = Transform3D(-3.09085e-08, 0.707107, 0.707107, -1, -4.37113e-08, 7.81597e-14, 3.09086e-08, -0.707107, 0.707107, 4.62553, 0, 4.64958)

[node name="CollisionShape3D" parent="Dynamics/Dynamic6/Spin3/Trigger2/DeathZone3" index="0"]
shape = SubResource("BoxShape3D_8piqw")

[node name="DeathZone4" parent="Dynamics/Dynamic6/Spin3/Trigger2" instance=ExtResource("11_lq2us")]
transform = Transform3D(-3.09085e-08, 0.707107, 0.707107, -1, -4.37113e-08, 1.13687e-13, 3.09086e-08, -0.707107, 0.707107, 7.0928, 0, 7.02556)

[node name="CollisionShape3D" parent="Dynamics/Dynamic6/Spin3/Trigger2/DeathZone4" index="0"]
shape = SubResource("BoxShape3D_8bill")

[node name="Trigger3" type="Node3D" parent="Dynamics/Dynamic6/Spin3"]
transform = Transform3D(-1, 8.74228e-08, 8.74228e-08, 8.74228e-08, 1, -7.37408e-15, -8.74228e-08, -5.19474e-15, -1, 0, 0, 0)

[node name="DeathZone3" parent="Dynamics/Dynamic6/Spin3/Trigger3" instance=ExtResource("11_lq2us")]
transform = Transform3D(-3.09085e-08, 0.707107, 0.707107, -1, -4.37113e-08, 7.81597e-14, 3.09086e-08, -0.707107, 0.707107, 4.62553, 0, 4.64958)

[node name="CollisionShape3D" parent="Dynamics/Dynamic6/Spin3/Trigger3/DeathZone3" index="0"]
shape = SubResource("BoxShape3D_8piqw")

[node name="DeathZone4" parent="Dynamics/Dynamic6/Spin3/Trigger3" instance=ExtResource("11_lq2us")]
transform = Transform3D(-3.09085e-08, 0.707107, 0.707107, -1, -4.37113e-08, 1.13687e-13, 3.09086e-08, -0.707107, 0.707107, 7.0928, 0, 7.02556)

[node name="CollisionShape3D" parent="Dynamics/Dynamic6/Spin3/Trigger3/DeathZone4" index="0"]
shape = SubResource("BoxShape3D_8bill")

[node name="Trigger4" type="Node3D" parent="Dynamics/Dynamic6/Spin3"]
transform = Transform3D(1.31134e-07, 4.37114e-08, 1, 4.37114e-08, 1, -4.37114e-08, -1, 4.37114e-08, 1.31134e-07, 0, 0, 0)

[node name="DeathZone3" parent="Dynamics/Dynamic6/Spin3/Trigger4" instance=ExtResource("11_lq2us")]
transform = Transform3D(-3.09085e-08, 0.707107, 0.707107, -1, -4.37113e-08, 7.81597e-14, 3.09086e-08, -0.707107, 0.707107, 4.62553, 0, 4.64958)

[node name="CollisionShape3D" parent="Dynamics/Dynamic6/Spin3/Trigger4/DeathZone3" index="0"]
shape = SubResource("BoxShape3D_8piqw")

[node name="DeathZone4" parent="Dynamics/Dynamic6/Spin3/Trigger4" instance=ExtResource("11_lq2us")]
transform = Transform3D(-3.09085e-08, 0.707107, 0.707107, -1, -4.37113e-08, 1.13687e-13, 3.09086e-08, -0.707107, 0.707107, 7.0928, 0, 7.02556)

[node name="CollisionShape3D" parent="Dynamics/Dynamic6/Spin3/Trigger4/DeathZone4" index="0"]
shape = SubResource("BoxShape3D_8bill")

[node name="Dynamic7" type="Node3D" parent="Dynamics"]

[node name="Mine" parent="Dynamics/Dynamic7" instance=ExtResource("28_2vdo3")]
transform = Transform3D(1, 0, 0, 0, 1, 0, 0, 0, 1, 43.5748, 5.93257, -19.2668)

[node name="Mine2" parent="Dynamics/Dynamic7" instance=ExtResource("28_2vdo3")]
transform = Transform3D(1, 0, 0, 0, 1, 0, 0, 0, 1, 39.0181, 5.93257, -14.6773)

[node name="Mine3" parent="Dynamics/Dynamic7" instance=ExtResource("28_2vdo3")]
transform = Transform3D(1, 0, 0, 0, 1, 0, 0, 0, 1, 44.3279, 5.93257, -11.2489)

[node name="Mine34" parent="Dynamics/Dynamic7" instance=ExtResource("28_2vdo3")]
transform = Transform3D(1, 0, 0, 0, 1, 0, 0, 0, 1, 49.4959, 5.93257, -6.02729)

[node name="Mine4" parent="Dynamics/Dynamic7" instance=ExtResource("28_2vdo3")]
transform = Transform3D(1, 0, 0, 0, 1, 0, 0, 0, 1, 39.3106, 5.93257, -0.75401)

[node name="Mine35" parent="Dynamics/Dynamic7" instance=ExtResource("28_2vdo3")]
transform = Transform3D(1, 0, 0, 0, 1, 0, 0, 0, 1, 39.9862, 5.93257, 3.2155)

[node name="Mine36" parent="Dynamics/Dynamic7" instance=ExtResource("28_2vdo3")]
transform = Transform3D(1, 0, 0, 0, 1, 0, 0, 0, 1, 43.5171, 5.93257, 0.283764)

[node name="Mine37" parent="Dynamics/Dynamic7" instance=ExtResource("28_2vdo3")]
transform = Transform3D(1, 0, 0, 0, 1, 0, 0, 0, 1, 38.3671, 5.93257, -4.57698)

[node name="Mine38" parent="Dynamics/Dynamic7" instance=ExtResource("28_2vdo3")]
transform = Transform3D(1, 0, 0, 0, 1, 0, 0, 0, 1, 45.5411, 5.93257, -7.14)

[node name="Mine78" parent="Dynamics/Dynamic7" instance=ExtResource("28_2vdo3")]
transform = Transform3D(1, 0, 0, 0, 1, 0, 0, 0, 1, 51.8803, 5.93257, -10.9394)

[node name="Mine79" parent="Dynamics/Dynamic7" instance=ExtResource("28_2vdo3")]
transform = Transform3D(1, 0, 0, 0, 1, 0, 0, 0, 1, 55.0523, 5.93257, -2.64559)

[node name="Mine80" parent="Dynamics/Dynamic7" instance=ExtResource("28_2vdo3")]
transform = Transform3D(1, 0, 0, 0, 1, 0, 0, 0, 1, 48.3001, 5.93257, -10.7986)

[node name="Mine81" parent="Dynamics/Dynamic7" instance=ExtResource("28_2vdo3")]
transform = Transform3D(1, 0, 0, 0, 1, 0, 0, 0, 1, 52.7639, 5.93257, 1.85178)

[node name="Mine85" parent="Dynamics/Dynamic7" instance=ExtResource("28_2vdo3")]
transform = Transform3D(1, 0, 0, 0, 1, 0, 0, 0, 1, 53.107, 5.93257, -6.7822)

[node name="Mine86" parent="Dynamics/Dynamic7" instance=ExtResource("28_2vdo3")]
transform = Transform3D(1, 0, 0, 0, 1, 0, 0, 0, 1, 44.1824, 5.93257, -2.12265)

[node name="Mine87" parent="Dynamics/Dynamic7" instance=ExtResource("28_2vdo3")]
transform = Transform3D(1, 0, 0, 0, 1, 0, 0, 0, 1, 43.6801, 5.93257, 2.83763)

[node name="Mine82" parent="Dynamics/Dynamic7" instance=ExtResource("28_2vdo3")]
transform = Transform3D(1, 0, 0, 0, 1, 0, 0, 0, 1, 50.1875, 5.93257, 13.241)

[node name="Mine83" parent="Dynamics/Dynamic7" instance=ExtResource("28_2vdo3")]
transform = Transform3D(1, 0, 0, 0, 1, 0, 0, 0, 1, 45.0809, 5.93257, 8.97698)

[node name="Mine84" parent="Dynamics/Dynamic7" instance=ExtResource("28_2vdo3")]
transform = Transform3D(1, 0, 0, 0, 1, 0, 0, 0, 1, 54.4135, 5.93257, 9.86461)

[node name="Mine39" parent="Dynamics/Dynamic7" instance=ExtResource("28_2vdo3")]
transform = Transform3D(1, 0, 0, 0, 1, 0, 0, 0, 1, 40.7547, 5.93257, -9.2014)

[node name="Mine40" parent="Dynamics/Dynamic7" instance=ExtResource("28_2vdo3")]
transform = Transform3D(1, 0, 0, 0, 1, 0, 0, 0, 1, 31.1597, 5.93257, -8.58141)

[node name="Mine41" parent="Dynamics/Dynamic7" instance=ExtResource("28_2vdo3")]
transform = Transform3D(1, 0, 0, 0, 1, 0, 0, 0, 1, 24.9008, 5.93257, -2.08336)

[node name="Mine42" parent="Dynamics/Dynamic7" instance=ExtResource("28_2vdo3")]
transform = Transform3D(1, 0, 0, 0, 1, 0, 0, 0, 1, 31.2622, 5.93257, 12.228)

[node name="Mine43" parent="Dynamics/Dynamic7" instance=ExtResource("28_2vdo3")]
transform = Transform3D(1, 0, 0, 0, 1, 0, 0, 0, 1, 35.8678, 5.93257, 18.5477)

[node name="Mine44" parent="Dynamics/Dynamic7" instance=ExtResource("28_2vdo3")]
transform = Transform3D(1, 0, 0, 0, 1, 0, 0, 0, 1, 40.6187, 5.93257, 20.2446)

[node name="Mine45" parent="Dynamics/Dynamic7" instance=ExtResource("28_2vdo3")]
transform = Transform3D(1, 0, 0, 0, 1, 0, 0, 0, 1, 47.2153, 5.93257, 21.5681)

[node name="Mine46" parent="Dynamics/Dynamic7" instance=ExtResource("28_2vdo3")]
transform = Transform3D(1, 0, 0, 0, 1, 0, 0, 0, 1, 48.8105, 5.93257, 15.4794)

[node name="Mine47" parent="Dynamics/Dynamic7" instance=ExtResource("28_2vdo3")]
transform = Transform3D(1, 0, 0, 0, 1, 0, 0, 0, 1, 54.0707, 5.93257, 13.1012)

[node name="Mine33" parent="Dynamics/Dynamic7" instance=ExtResource("28_2vdo3")]
transform = Transform3D(1, 0, 0, 0, 1, 0, 0, 0, 1, 42.8719, 5.93257, -5.02166)

[node name="Mine5" parent="Dynamics/Dynamic7" instance=ExtResource("28_2vdo3")]
transform = Transform3D(1, 0, 0, 0, 1, 0, 0, 0, 1, 51.7771, 5.93257, -1.28022)

